0.09054557802346481
0.059481356430307386
0.04742550107321954
0.04048321170690996
0.035774304079917475
0.032419025726958865
0.02999007966211665
0.028218011663886232
0.02691708971972493
0.025955903352043112
0.025240663058921413
0.024704149592222405
0.024298038836223713
0.023987489690845226
0.023747306141725526
0.023559207842229306
0.023409885044376515
0.023289609879276505
0.023191242940371577
0.023109521166600228
0.023040546207157293
0.022981415904270774
0.02292995812894249
0.02288453796285503
0.022843917557051226
0.02280715391571042
0.02277352405823975
0.022742470004394524
0.022713558158316535
0.022686449187992477
0.02266087558348624
0.02263662485560948
0.022613526895261433
0.022591444415476246
0.02257026568801367
0.022549898995956375
0.02253026837586169
0.02251131033375641
0.02249297130016879
0.022475205648749098
0.022457974146746756
0.02244124273795754
0.022424981582788335
0.022409164298031282
0.02239376735240934
0.022378769584093433
0.022364151814092185
0.022349896535258106
0.02233598766113359
0.022322410322302443
0.022309150700564318
0.022296195893306853
0.022283533802053005
0.022271153040417175
0.022259042857674573
0.02224719307493283
0.022235594031494423
0.02222423653948599
0.02221311184521213
0.022202211595995038
0.022191527811504876
0.022181052858776668
0.02217077943027188
0.02216070052445537
0.022150809428470575
0.022141099702565798
0.022131565165993714
0.02212219988416044
0.022112998156833624
0.02210395450726316
0.02209506367208819
0.02208632059192831
0.02207772040257587
0.022069258426718898
0.02206093016613657
0.022052731294319942
0.022044657649475222
0.022036705227876912
0.02202887017754112
0.022021148792193183
0.022013537505509807
0.02200603288561366
0.021998631629808987
0.021991330559538433
0.021984126615552158
0.021977016853275248
0.021969998438365373
0.021963068642447927
0.02195622483902371
0.021949464499538846
0.021942785189608356
0.021936184565392154
0.021929660370109107
0.02192321043068899
0.021916832654555636
0.021910525026533314
0.02190428560587482
0.021898112523402652
0.02189200397876335
0.021885958237785556
0.02187997362994119
0.02187404854590458
0.021868181435205577
0.02186237080397306
0.02185661521276533
0.02185091327448451
0.021845263652370422
0.021839665058073145
0.0218341162497981
0.021828616030523836
0.021823163246288312
0.021817756784540013
0.021812395572554544
0.021807078575909813
0.021801804797022734
0.021796573273739014
0.02179138307798078
0.02178623331444321
0.021781123119342796
0.021776051659214767
0.02177101812975421
0.02176602175470436
0.021761061784786838
0.02175613749667218
0.021751248191991507
0.021746393196385574
0.021741571858589666
0.021736783549556132
0.021732027661607138
0.021727303607623653
0.02172261082026378
0.021717948751210872
0.021713316870451697
0.02170871466558221
0.021704141641139468
0.021699597317959382
0.02169508123256052
0.02169059293654922
0.021686131996050146
0.02168169799115674
0.02167729051540466
0.021672909175263426
0.021668553589649482
0.021664223389457598
0.02165991821710947
0.021655637726119926
0.02165138158068114
0.021647149455261326
0.021642941034218825
0.02163875601143299
0.02163459408994696
0.021630454981625084
0.021626338406824503
0.021622244094077116
0.02161817177978658
0.02161412120793396
0.02161009212979808
0.021606084303682972
0.021602097494658686
0.02159813147431079
0.02159418602049979
0.02159026091712949
0.02158635595392452
0.021582470926216457
0.02157860563473855
0.021574759885426613
0.021570933489230205
0.021567126261928894
0.02156333802395628
0.021559568600231366
0.02155581781999516
0.021552085516655196
0.021548371527633822
0.021544675694224778
0.021540997861453325
0.021537337877942524
0.021533695595784958
0.021530070870418663
0.021526463560507542
0.021522873527828553
0.02151930063715992
0.021515744756176305
0.021512205755346125
0.02150868350783508
0.02150517788941012
0.02150168877835045
0.021498216055359454
0.021494759603481135
0.021491319308019664
0.02148789505646177
0.021484486738401844
0.021481094245471042
0.021477717471267005
0.021474356311288613
0.02147101066287191
0.02146768042512787
0.021464365498884516
0.021461065786628722
0.0214577811924531
0.021454511622001845
0.021451256982421046
0.02144801718230975
0.021444792131672864
0.02144158174187635
0.021438385925603938
0.021435204596814826
0.02143203767070412
0.021428885063663385
0.021425746693244818
0.021422622478123404
0.021419512338064516
0.021416416193889783
0.021413333967444412
0.021410265581568305
0.021407210960064715
0.021404170027672583
0.021401142710039324
0.02139812893369419
0.021395128626021918
0.021392141715240565
0.021389168130375447
0.021386207801238323
0.021383260658404107
0.021380326633191286
0.021377405657640302
0.02137449766449529
0.021371602587183947
0.021368720359800628
0.021365850917088643
0.02136299419442256
0.021360150127793385
0.021357318653792073
0.02135449970959456
0.021351693232947774
0.02134889916215544
0.02134611743606414
0.021343347994051163
0.021340590776011425
0.021337845722345955
0.021335112773949557
0.021332391872199985
0.021329682958947917
0.02132698597650474
0.0213243008676344
0.021321627575542165
0.021318966043866554
0.02131631621666954
0.021313678038427816
0.021311051454024857
0.021308436408742804
0.021305832848253835
0.021303240718613243
0.02130065996625271
0.021298090537971964
0.021295532380932798
0.021292985442652283
0.021290449670996487
0.02128792501417441
0.021285411420731766
0.021282908839545523
0.021280417219818052
0.021277936511071856
0.02127546666314531
0.021273007626185593
0.021270559350646097
0.02126812178727997
0.021265694887136626
0.021263278601557075
0.021260872882169577
0.02125847768088512
0.021256092949894344
0.021253718641662884
0.021251354708928125
0.021249001104695027
0.021246657782233187
0.02124432469507293
0.021242001797002502
0.02123968904206407
0.0212373863845516
0.0212350937790071
0.021232811180217633
0.02123053854321323
0.02122827582326313
0.021226022975873754
0.021223779956786076
0.021221546721972573
0.021219323227635145
0.021217109430202816
0.02121490528632885
0.021212710752889132
0.02121052578697951
0.021208350345913705
0.02120618438722142
0.021204027868645645
0.021201880748142044
0.0211997429838752
0.02119761453421815
0.021195495357749373
0.021193385413252473
0.021191284659712838
0.02118919305631686
0.02118711056245001
0.02118503713769508
0.02118297274183079
0.02118091733483024
0.02117887087685875
0.021176833328273345
0.02117480464962034
0.02117278480163487
0.021170773745238528
0.021168771441538177
0.02116677785182565
0.02116479293757487
0.02116281666044168
0.02116084898226161
0.021158889865049744
0.0211569392709988
0.02115499716247797
0.021153063502031565
0.021151138252378625
0.021149221376410815
0.02114731283719189
0.021145412597956784
0.02114352062210944
0.021141636873223138
0.021139761315038672
0.021137893911463073
0.02113603462656952
0.02113418342459539
0.021132340269941822
0.02113050512717243
0.021128677961012688
0.021126858736348994
0.021125047418226968
0.021123243971851786
0.021121448362586025
0.021119660555949753
0.021117880517619037
0.02111610821342543
0.021114343609354803
0.021112586671546852
0.02111083736629411
0.021109095660040857
0.021107361519382417
0.0211056349110649
0.02110391580198384
0.021102204159183246
0.021100499949855415
0.021098803141339734
0.021097113701121818
0.021095431596833414
0.021093756796250834
0.02109208926729499
0.021090428978029627
0.02108877589666182
0.021087129991540353
0.02108549123115539
0.02108385958413768
0.021082235019258076
0.021080617505426197
0.021079007011690607
0.02107740350723737
0.0210758069613901
0.021074217343608315
0.021072634623487994
0.021071058770759998
0.02106948975528963
0.021067927547076263
0.021066372116252365
0.02106482343308293
0.02106328146796499
0.02106174619142689
0.021060217574127835
0.02105869558685667
0.02105718020053224
0.021055671386202096
0.02105416911504169
0.02105267335835456
0.02105118408757104
0.02104970127424814
0.02104822489006852
0.021046754906840184
0.021045291296496103
0.021043834031092862
0.021042383082810964
0.02104093842395398
0.021039500026947544
0.02103806786433943
0.02103664190879835
0.021035222133114425
0.021033808510197188
0.021032401013076348
0.02103099961490029
0.02102960428893642
0.021028215008569655
0.021026831747302608
0.02102545447875498
0.02102408317666252
0.021022717814877016
0.021021358367365857
0.021020004808210736
0.02101865711160797
0.021017315251867726
0.02101597920341328
0.021014648940780797
0.021013324438618624
0.021012005671686696
0.02101069261485672
0.02100938524311037
0.021008083531540444
0.021006787455348817
0.021005496989846738
0.02100421211045464
0.02100293279270081
0.021001659012221528
0.02100039074476043
0.02099912796616773
0.020997870652400347
0.020996618779521047
0.02099537232369765
0.02099413126120314
0.020992895568415257
0.020991665221815337
0.020990440197988645
0.020989220473623053
0.02098800602550948
0.020986796830540774
0.02098559286571172
0.02098439410811821
0.020983200534956836
0.020982012123524886
0.020980828851219588
0.02097965069553675
0.020978477634072644
0.020977309644520874
0.02097614670467427
0.020974988792422305
0.020973835885752554
0.020972687962749433
0.02097154500159309
0.02097040698056041
0.02096927387802357
0.020968145672449753
0.02096702234240114
0.020965903866534262
0.020964790223598973
0.020963681392439447
0.02096257735199235
0.020961478081287212
0.020960383559445732
0.0209592937656815
0.02095820867929947
0.020957128279695817
0.020956052546357056
0.020954981458860135
0.020953914996871548
0.020952853140148053
0.02095179586853408
0.02095074316196373
0.020949695000459238
0.020948651364130388
0.020947612233174557
0.02094657758787625
0.020945547408606657
0.02094452167582309
0.02094350037006935
0.020942483471974204
0.020941470962251876
0.020940462821701332
0.020939459031206066
0.020938459571733573
0.020937464424334657
0.020936473570144158
0.02093548699037932
0.020934504666340486
0.020933526579409462
0.02093255271105064
0.020931583042809385
0.020930617556312505
0.020929656233267546
0.020928699055462324
0.02092774600476502
0.020926797063123146
0.02092585221256374
0.020924911435193195
0.020923974713195972
0.020923042028835326
0.020922113364452138
0.020921188702465218
0.020920268025370448
0.020919351315740756
0.020918438556225532
0.020917529729550858
0.020916624818517998
0.020915723806004878
0.020914826674963655
0.020913933408421983
0.02091304398948195
0.02091215840131977
0.020911276627186115
0.020910398650404817
0.020909524454373024
0.02090865402256121
0.02090778733851193
0.02090692438584087
0.02090606514823486
0.020905209609453114
0.020904357753325758
0.02090350956375427
0.02090266502471058
0.020901824120237587
0.02090098683444773
0.02090015315152396
0.02089932305571765
0.02089849653135068
0.020897673562812698
0.020896854134562774
0.020896038231127994
0.020895225837103074
0.020894416937151338
0.02089361151600222
0.02089280955845339
0.020892011049368883
0.02089121597367918
0.020890424316381134
0.020889636062537225
0.02088885119727598
0.02088806970579099
0.02088729157334115
0.02088651678525002
0.020885745326905288
0.020884977183759534
0.02088421234132864
0.02088345078519243
0.020882692500994116
0.020881937474439824
0.020881185691298657
0.02088043713740199
0.020879691798643716
0.020878949660979633
0.020878210710427128
0.020877474933065077
0.020876742315033555
0.020876012842533372
0.020875286501826573
0.02087456327923444
0.020873843161139303
0.020873126133983063
0.020872412184266925
0.020871701298551627
0.020870993463457034
0.020870288665661582
0.020869586891902263
0.020868888128974108
0.020868192363730883
0.02086749958308332
0.020866809774000093
0.02086612292350677
0.020865439018686295
0.020864758046678224
0.020864079994678413
0.020863404849939066
0.02086273259976835
0.02086206323153053
0.0208613967326447
0.020860733090585823
0.02086007229288347
0.020859414327122336
0.02085875918094107
0.020858106842033406
0.02085745729814638
0.020856810537081435
0.020856166546693127
0.020855525314889503
0.020854886829631977
0.0208542510789344
0.020853618050863512
0.020852987733538327
0.020852360115130263
0.020851735183862317
0.020851112928009678
0.020850493335898657
0.02084987639590685
0.020849262096462956
0.020848650426046594
0.020848041373187756
0.020847434926466894
0.020846831074514717
0.020846229806011654
0.020845631109688078
0.02084503497432354
0.020844441388747074
0.020843850341836775
0.020843261822519298
0.0208426758197701
0.020842092322613383
0.02084151132012076
0.020840932801412713
0.020840356755656646
0.020839783172067944
0.020839212039909762
0.020838643348491392
0.020838077087169917
0.020837513245348636
0.02083695181247755
0.02083639277805304
0.02083583613161763
0.020835281862759406
0.02083472996111267
0.020834180416356686
0.020833633218216505
0.02083308835646201
0.020832545820907877
0.020832005601413777
0.020831467687883895
0.020830932070266314
0.020830398738553794
0.02082986768278254
0.020829338893032682
0.020828812359428083
0.020828288072135534
0.020827766021365456
0.020827246197370686
0.020826728590447312
0.020826213190933897
0.0208256999892111
0.020825188975702427
0.02082468014087264
0.02082417347522904
0.020823668969319895
0.02082316661373557
0.020822666399107393
0.020822168316108055
0.020821672355450755
0.02082117850788979
0.02082068676421995
0.02082019711527637
0.02081970955193441
0.020819224065109596
0.020818740645756936
0.020818259284871646
0.020817779973487906
0.020817302702679823
0.020816827463560037
0.020816354247280976
0.02081588304503268
0.020815413848045347
0.020814946647586353
0.020814481434962014
0.02081401820151683
0.020813556938632898
0.02081309763773042
0.020812640290267144
0.020812184887738394
0.02081173142167662
0.02081127988365153
0.02081083026526972
0.02081038255817455
0.020809936754046476
0.020809492844601873
0.020809050821593882
0.020808610676811286
0.020808172402079588
0.020807735989259654
0.020807301430248167
0.020806868716977362
0.02080643784141509
0.02080600879556378
0.02080558157146172
0.020805156161181438
0.020804732556830925
0.02080431075055191
0.020803890734521564
0.02080347250095053
0.02080305604208421
0.020802641350201403
0.020802228417615545
0.020801817236672956
0.020801407799754264
0.020801000099272934
0.020800594127675858
0.020800189877443385
0.020799787341088175
0.020799386511156703
0.02079898738022681
0.020798589940910144
0.020798194185849894
0.02079780010772199
0.020797407699234247
0.02079701695312632
0.020796627862170184
0.020796240419168808
0.020795854616957418
0.02079547044840223
0.020795087906400778
0.020794706983881844
0.020794327673805055
0.020793949969160955
0.020793573862971225
0.020793199348287283
0.020792826418191915
0.020792455065797456
0.02079208528424698
0.020791717066713265
0.020791350406399376
0.020790985296537595
0.02079062173039071
0.02079025970125024
0.020789899202437456
0.020789540227302946
0.02078918276922636
0.020788826821616303
0.02078847237791036
0.020788119431574933
0.020787767976104758
0.020787418005023612
0.020787069511882996
0.020786722490263282
0.020786376933772548
0.02078603283604716
0.020785690190751112
0.020785348991576323
0.02078500923224245
0.020784670906496362
0.020784334008112727
0.020783998530892998
0.020783664468666273
0.020783331815288447
0.02078300056464233
0.02078267071063768
0.02078234224721054
0.02078201516832417
0.020781689467967768
0.020781365140156955
0.020781042178933562
0.0207807205783658
0.02078040033254754
0.02078008143559882
0.020779763881664984
0.020779447664917405
0.020779132779552983
0.020778819219793843
0.020778506979887458
0.020778196054106825
0.020777886436749278
0.020777578122138103
0.020777271104620524
0.020776965378569438
0.020776660938381663
0.02077635777847857
0.02077605589330649
0.02077575527733576
0.020775455925060905
0.020775157831000663
0.0207748609896975
0.020774565395718352
0.020774271043653345
0.020773977928116742
0.020773686043746232
0.020773395385202693
0.020773105947170856
0.02077281772435853
0.02077253071149661
0.020772244903339315
0.02077196029466348
0.020771676880268874
0.02077139465497843
0.02077111361363747
0.020770833751113698
0.0207705550622976
0.020770277542101933
0.020770001185461656
0.020769725987333905
0.02076945194269807
0.020769179046555224
0.020768907293928666
0.02076863667986325
0.02076836719942544
0.02076809884770367
0.020767831619807605
0.020767565510868124
0.020767300516037843
0.02076703663049039
0.020766773849420675
0.020766512168044142
0.020766251581597936
0.020765992085339174
0.020765733674546677
0.02076547634451923
0.020765220090576336
0.02076496490805827
0.020764710792325336
0.020764457738758502
0.02076420574275851
0.020763954799746794
0.020763704905164045
0.02076345605447176
0.020763208243150706
0.020762961466701715
0.02076271572064531
0.020762471000521043
0.020762227301889157
0.02076198462032819
0.02076174295143649
0.02076150229083167
0.020761262634150755
0.020761023977049174
0.02076078631520195
0.020760549644302607
0.02076031396006439
0.02076007925821811
0.020759845534514185
0.02075961278472083
0.0207593810046256
0.02075915019003369
0.020758920336769505
0.020758691440674663
0.02075846349761013
0.020758236503453795
0.020758010454102874
0.020757785345471284
0.020757561173491503
0.02075733793411393
0.020757115623305976
0.020756894237053382
0.020756673771359126
0.02075645422224381
0.020756235585745342
0.020756017857918755
0.02075580103483681
0.020755585112589087
0.020755370087282263
0.020755155955040527
0.020754942712004103
0.02075473035433084
0.02075451887819545
0.02075430827978864
0.02075409855531854
0.02075388970100948
0.020753681713102275
0.020753474587854287
0.020753268321539356
0.0207530629104474
0.020752858350884605
0.020752654639173394
0.020752451771652115
0.020752249744675398
0.020752048554613507
0.02075184819785261
0.02075164867079492
0.02075144996985833
0.020751252091475998
0.02075105503209704
0.020750858788186218
0.020750663356223307
0.020750468732703888
0.02075027491413864
0.020750081897053203
0.02074988967798929
0.02074969825350278
0.02074950762016519
0.020749317774562393
0.020749128713296164
0.02074894043298229
0.020748752930251906
0.020748566201750317
0.020748380244137783
0.020748195054089306
0.020748010628294095
0.020747826963456232
0.020747644056293653
0.020747461903539145
0.020747280501939497
0.020747099848255627
0.02074691993926311
0.02074674077175108
0.02074656234252302
0.020746384648395837
0.020746207686201067
0.02074603145278373
0.020745855945002733
0.020745681159730436
0.020745507093853324
0.020745333744270938
0.02074516110789678
0.020744989181657677
0.02074481796249419
0.020744647447359488
0.020744477633220838
0.020744308517058357
0.020744140095865313
0.02074397236664844
0.02074380532642709
0.020743638972234076
0.020743473301114833
0.020743308310128085
0.020743143996344693
0.020742980356849183
0.02074281738873818
0.020742655089121327
0.02074249345512084
0.02074233248387089
0.02074217217251939
0.020742012518225685
0.02074185351816171
0.020741695169512353
0.020741537469473808
0.02074138041525536
0.020741224004078025
0.020741068233175092
0.020740913099792074
0.020740758601186175
0.02074060473462682
0.02074045149739508
0.020740298886784404
0.020740146900099652
0.02073999553465752
0.020739844787786295
0.02073969465682622
0.02073954513912907
0.020739396232058123
0.020739247932987922
0.020739100239304874
0.020738953148406646
0.020738806657702114
0.02073866076461178
0.020738515466566854
0.020738370761010573
0.020738226645396558
0.020738083117189932
0.020737940173866647
0.020737797812914197
0.020737656031830295
0.020737514828124075
0.02073737419931529
0.02073723414293503
0.020737094656524385
0.020736955737635634
0.020736817383831554
0.020736679592685842
0.020736542361782517
0.02073640568871619
0.02073626957109187
0.020736134006525332
0.020735998992642397
0.020735864527079602
0.02073573060748313
0.02073559723151044
0.02073546439682831
0.020735332101114043
0.020735200342055296
0.020735069117349316
0.020734938424703926
0.02073480826183637
0.02073467862647449
0.02073454951635544
0.020734420929226685
0.020734292862845272
0.020734165314977918
0.020734038283401503
0.02073391176590224
0.020733785760276163
0.02073366026432876
0.020733535275875393
0.020733410792740554
0.020733286812758343
0.02073316333377273
0.02073304035363618
0.020732917870211462
0.020732795881370038
0.020732674384993117
0.02073255337897088
0.02073243286120246
0.020732312829596724
0.020732193282071053
0.020732074216552404
0.020731955630976587
0.020731837523288377
0.02073171989144126
0.020731602733398205
0.020731486047130605
0.02073136983061882
0.020731254081852023
0.020731138798828444
0.02073102397955436
0.020730909622045282
0.020730795724325398
0.020730682284426996
0.02073056930039137
0.020730456770268423
0.020730344692116123
0.02073023306400128
0.020730121883999156
0.020730011150192948
0.020729900860674635
0.020729791013544246
0.0207296816069104
0.020729572638889665
0.020729464107606895
0.020729356011195115
0.02072924834779569
0.020729141115557553
0.02072903431263845
0.020728927937203354
0.020728821987425726
0.02072871646148709
0.020728611357576518
0.020728506673890784
0.020728402408635424
0.02072829856002294
0.020728195126273902
0.0207280921056166
0.020727989496287014
0.02072788729652897
0.02072778550459376
0.020727684118740354
0.020727583137235328
0.020727482558352908
0.020727382380374304
0.020727282601588987
0.020727183220293294
0.020727084234791256
0.020726985643394147
0.020726887444420836
0.02072678963619717
0.020726692217056447
0.020726595185339227
0.020726498539393266
0.02072640227757368
0.020726306398242175
0.020726210899768515
0.020726115780528805
0.020726021038906535
0.02072592667329201
0.020725832682082765
0.020725739063683267
0.020725645816504802
0.020725552938965743
0.020725460429491253
0.020725368286513182
0.020725276508470496
0.02072518509380899
0.02072509404098069
0.020725003348445185
0.02072491301466788
0.02072482303812152
0.020724733417284973
0.020724644150644338
0.02072455523669187
0.0207244666739264
0.02072437846085335
0.020724290595984837
0.020724203077839076
0.020724115904941103
0.02072402907582176
0.020723942589019363
0.020723856443077535
0.02072377063654662
0.020723685167983372
0.02072360003595056
0.020723515239017658
0.02072343077575977
0.02072334664475873
0.02072326284460211
0.020723179373883835
0.02072309623120396
0.020723013415168606
0.020722930924389874
0.020722848757486
0.0207227669130812
0.02072268538980559
0.0207226041862953
0.020722523301192442
0.020722442733145066
0.02072236248080679
0.020722282542837474
0.020722202917902582
0.02072212360467339
0.02072204460182719
0.02072196590804642
0.02072188752202002
0.020721809442441952
0.020721731668012493
0.020721654197437017
0.020721577029426695
0.020721500162698452
0.020721423595974568
0.020721347327983055
0.020721271357457313
0.02072119568313633
0.020721120303764624
0.020721045218091642
0.020720970424873388
0.020720895922870162
0.020720821710848273
0.02072074778757908
0.020720674151839286
0.020720600802411147
0.020720527738082115
0.020720454957644806
0.0207203824598972
0.020720310243642157
0.020720238307688342
0.02072016665084914
0.020720095271943215
0.020720024169794335
0.020719953343231408
0.020719882791088277
0.020719812512204224
0.020719742505423286
0.020719672769594407
0.020719603303571695
0.02071953410621446
0.020719465176386564
0.02071939651295685
0.020719328114799353
0.020719259980792607
0.02071919210982046
0.02071912450077116
0.020719057152538363
0.020718990064019675
0.020718923234118183
0.0207188566617417
0.020718790345802315
0.020718724285217205
0.02071865847890814
0.020718592925801613
0.020718527624828745
0.020718462574925253
0.020718397775031632
0.020718333224092736
0.020718268921058096
0.02071820486488183
0.020718141054522597
0.020718077488943557
0.020718014167112307
0.02071795108800111
0.02071788825058653
0.020717825653849366
0.020717763296775476
0.020717701178354288
0.02071763929758027
0.020717577653451887
0.020717516244972128
0.020717455071148295
0.020717394130991704
0.020717333423518492
0.02071727294774861
0.02071721270270646
0.020717152687420616
0.020717092900923783
0.020717033342253145
0.020716974010449626
0.020716914904558698
0.020716856023629805
0.02071679736671639
0.020716738932876327
0.020716680721171145
0.02071662273066681
0.020716564960433084
0.02071650740954407
0.020716450077077585
0.020716392962115415
0.02071633606374364
0.02071627938105187
0.020716222913134037
0.020716166659088
0.020716110618015156
0.020716054789020902
0.020715999171214944
0.020715943763710474
0.020715888565624327
0.020715833576077713
0.020715778794195283
0.020715724219105277
0.02071566984994028
0.020715615685836235
0.020715561725932766
0.020715507969373652
0.020715454415305822
0.020715401062880574
0.020715347911252117
0.020715294959578728
0.02071524220702239
0.020715189652748604
0.02071513729592659
0.020715085135728752
0.020715033171331745
0.02071498140191531
0.02071492982666275
0.020714878444761057
0.020714827255400824
0.020714776257775857
0.02071472545108373
0.02071467483452529
0.020714624407304802
0.020714574168630432
0.020714524117713275
0.020714474253767927
0.02071442457601236
0.02071437508366828
0.02071432577596049
0.02071427665211679
0.020714227711369087
0.020714178952951964
0.020714130376103677
0.020714081980065645
0.02071403376408256
0.02071398572740245
0.02071393786927645
0.02071389018895916
0.020713842685708025
0.02071379535878433
0.0207137482074517
0.020713701230977793
0.020713654428633023
0.02071360779969063
0.02071356134342773
0.020713515059124193
0.020713468946062626
0.020713423003529442
0.0207133772308137
0.020713331627207635
0.020713286192006415
0.02071324092450851
0.02071319582401542
0.02071315088983116
0.020713106121263335
0.020713061517622554
0.02071301707822161
0.020712972802377348
0.020712928689408765
0.020712884738638193
0.020712840949390875
0.020712797320994656
0.020712753852780662
0.020712710544082687
0.02071266739423735
0.020712624402584274
0.020712581568466216
0.020712538891228125
0.020712496370218148
0.02071245400478739
0.020712411794289315
0.0207123697380806
0.02071232783552052
0.02071228608597121
0.020712244488797396
0.020712203043366604
0.02071216174904921
0.020712120605218043
0.02071207961124904
0.020712038766520387
0.020711998070413226
0.020711957522311506
0.020711917121601406
0.020711876867671983
0.020711836759915187
0.02071179679772499
0.020711756980498607
0.020711717307635387
0.02071167777853755
0.020711638392609744
0.020711599149259175
0.020711560047895854
0.020711521087931953
0.02071148226878253
0.020711443589864972
0.020711405050599038
0.020711366650407417
0.02071132838871486
0.020711290264948907
0.02071125227853942
0.020711214428918573
0.020711176715521244
0.02071113913778478
0.02071110169514849
0.020711064387054733
0.020711027212947916
0.020710990172274815
0.020710953264484813
0.020710916489029053
0.02071087984536208
0.020710843332939967
0.020710806951221364
0.02071077069966727
0.020710734577741197
0.02071069858490844
0.020710662720637086
0.020710626984397473
0.020710591375662116
0.020710555893905462
0.020710520538604817
0.020710485309239413
0.02071045020529081
0.02071041522624297
0.02071038037158129
0.020710345640794502
0.020710311033372925
0.020710276548808804
0.020710242186597384
0.020710207946235334
0.02071017382722185
0.0207101398290582
0.020710105951247722
0.020710072193296195
0.020710038554711103
0.02071000503500222
0.020709971633681653
0.02070993835026328
0.020709905184263012
0.020709872135199477
0.020709839202592537
0.020709806385964678
0.02070977368484019
0.020709741098745536
0.02070970862720923
0.02070967626976148
0.02070964402593523
0.020709611895264605
0.020709579877286183
0.02070954797153867
0.02070951617756241
0.02070948449489964
0.020709452923095346
0.020709421461695198
0.02070939011024815
0.020709358868304086
0.0207093277354153
0.020709296711136055
0.020709265795022407
0.020709234986632043
0.02070920428552491
0.020709173691262996
0.02070914320340964
0.02070911282153048
0.02070908254519288
0.020709052373965753
0.020709022307420666
0.020708992345130278
0.02070896248666938
0.020708932731614255
0.020708903079543872
0.020708873530037964
0.02070884408267873
0.02070881473704978
0.020708785492737095
0.02070875634932752
0.020708727306410584
0.020708698363576968
0.02070866952041928
0.02070864077653213
0.020708612131511563
0.020708583584955316
0.020708555136463008
0.020708526785636304
0.020708498532077808
0.020708470375392345
0.020708442315186478
0.020708414351068162
0.02070838648264711
0.02070835870953514
0.02070833103134492
0.020708303447691437
0.020708275958191323
0.0207082485624625
0.020708221260124372
0.020708194050798805
0.020708166934108378
0.02070813990967786
0.020708112977133403
0.020708086136102904
0.020708059386215616
0.020708032727102445
0.020708006158396207
0.020707979679730752
0.020707953290741914
0.020707926991066956
0.02070790078034468
0.02070787465821551
0.020707848624321186
0.020707822678305184
0.020707796819812562
0.020707771048489695
0.020707745363984672
0.020707719765946694
0.020707694254027183
0.020707668827878487
0.0207076434871543
0.02070761823151045
0.02070759306060391
0.020707567974092605
0.020707542971636763
0.020707518052897583
0.020707493217538044
0.020707468465222072
0.020707443795615454
0.020707419208385206
0.02070739470319988
0.020707370279729263
0.020707345937644808
0.02070732167661927
0.02070729749632665
0.02070727339644266
0.02070724937664397
0.020707225436608995
0.020707201576017322
0.0207071777945501
0.020707154091889918
0.02070713046771997
0.02070710692172571
0.02070708345359365
0.0207070600630116
0.02070703674966836
0.020707013513254626
0.020706990353462122
0.02070696726998403
0.020706944262514602
0.020706921330749518
0.020706898474386056
0.020706875693122215
0.02070685298665768
0.02070683035469324
0.02070680779693124
0.020706785313074905
0.02070676290282888
0.02070674056589942
0.020706718301993134
0.020706696110819052
0.020706673992086783
0.020706651945506853
0.020706629970791708
0.020706608067654727
0.020706586235810488
0.020706564474974893
0.020706542784864702
0.02070652116519847
0.020706499615695456
0.020706478136076324
0.020706456726062986
0.020706435385378454
0.020706414113746734
0.020706392910893365
0.02070637177654498
0.020706350710428992
0.02070632971227449
0.020706308781811535
0.020706287918771115
0.0207062671228855
0.020706246393888388
0.02070622573151421
0.02070620513549875
0.020706184605578888
0.020706164141492463
0.020706143742978543
0.020706123409777462
0.02070610314163048
0.02070608293827985
0.020706062799469287
0.02070604272494319
0.0207060227144474
0.020706002767728507
0.020705982884534378
0.02070596306461391
0.020705943307717106
0.02070592361359495
0.02070590398199976
0.020705884412684294
0.020705864905403035
0.020705845459911193
0.02070582607596503
0.020705806753321745
0.020705787491739704
0.020705768290978494
0.02070574915079822
0.02070573007096057
0.02070571105122773
0.02070569209136333
0.020705673191131587
0.020705654350298332
0.02070563556862959
0.020705616845892876
0.020705598181856803
0.02070557957629057
0.020705561028964807
0.020705542539650592
0.020705524108120398
0.020705505734147287
0.02070548741750595
0.020705469157971047
0.020705450955319286
0.020705432809327535
0.020705414719773746
0.02070539668643701
0.0207053787090973
0.020705360787535463
0.020705342921533157
0.020705325110873505
0.020705307355339816
0.020705289654716578
0.020705272008789438
0.02070525441734472
0.020705236880169717
0.02070521939705298
0.020705201967782833
0.020705184592149962
0.020705167269944844
0.020705150000959235
0.0207051327849861
0.02070511562181847
0.02070509851125123
0.020705081453079466
0.020705064447099086
0.02070504749310725
0.02070503059090184
0.020705013740281546
0.020704996941045842
0.020704980192995246
0.020704963495930866
0.020704946849654866
0.02070493025397031
0.02070491370868074
0.020704897213590777
0.020704880768505934
0.0207048643732323
0.020704848027577247
0.020704831731348308
0.02070481548435429
0.02070479928640457
0.020704783137309703
0.02070476703688039
0.02070475098492904
0.02070473498126794
0.020704719025710878
0.02070470311807175
0.02070468725816598
0.020704671445809245
0.020704655680818113
0.02070463996300996
0.020704624292203076
0.020704608668216096
0.02070459309086906
0.02070457755998218
0.02070456207537677
0.020704546636874915
0.020704531244299024
0.020704515897472745
0.020704500596220192
0.02070448534036658
0.020704470129737095
0.02070445496415853
0.020704439843457868
0.02070442476746311
0.02070440973600276
0.02070439474890632
0.02070437980600363
0.020704364907125416
0.020704350052103384
0.020704335240769343
0.020704320472956644
0.02070430574849847
0.020704291067229503
0.02070427642898429
0.020704261833598827
0.020704247280909582
0.02070423277075326
0.020704218302967776
0.020704203877391643
0.020704189493863816
0.020704175152224277
0.02070416085231328
0.020704146593972204
0.0207041323770425
0.020704118201366938
0.02070410406678855
0.020704089973151058
0.02070407592029913
0.020704061908077546
0.020704047936332244
0.020704034004909503
0.020704020113656636
0.020704006262420815
0.020703992451050937
0.02070397867939554
0.020703964947304393
0.020703951254627775
0.02070393760121637
0.020703923986921762
0.020703910411596003
0.020703896875091915
0.02070388337726265
0.02070386991796236
0.020703856497045533
0.02070384311436733
0.020703829769783515
0.02070381646315039
0.020703803194325264
0.020703789963165384
0.020703776769529295
0.020703763613275177
0.020703750494263016
0.020703737412352485
0.020703724367404197
0.020703711359279075
0.020703698387839198
0.020703685452946652
0.020703672554464325
0.020703659692255665
0.020703646866184634
0.020703634076116004
0.02070362132191451
0.020703608603446347
0.020703595920577415
0.02070358327317477
0.020703570661105678
0.020703558084238193
0.020703545542440794
0.020703533035582304
0.02070352056353255
0.02070350812616167
0.020703495723340282
0.020703483354939625
0.020703471020831338
0.020703458720887847
0.02070344645498193
0.020703434222986896
0.020703422024776735
0.020703409860225955
0.020703397729209105
0.020703385631601928
0.020703373567280456
0.020703361536120877
0.020703349538000605
0.02070333757279684
0.02070332564038779
0.020703313740651857
0.02070330187346819
0.020703290038716304
0.020703278236276226
0.02070326646602844
0.020703254727854278
0.020703243021635058
0.020703231347252743
0.020703219704590145
0.020703208093530004
0.020703196513955715
0.02070318496575173
0.02070317344880236
0.02070316196299228
0.020703150508207185
0.020703139084332783
0.020703127691255672
0.020703116328862542
0.020703104997040787
0.020703093695678236
0.02070308242466309
0.020703071183884085
0.020703059973230572
0.02070304879259158
0.020703037641858043
0.020703026520920015
0.020703015429668806
0.02070300436799542
0.020702993335792147
0.02070298233295131
0.02070297135936566
0.020702960414928445
0.02070294949953351
0.020702938613074623
0.02070292775544674
0.020702916926544787
0.020702906126264225
0.02070289535450076
0.02070288461115074
0.020702873896111255
0.020702863209279096
0.02070285255055195
0.020702841919827714
0.020702831317005187
0.02070282074198307
0.020702810194660585
0.0207027996749374
0.020702789182713715
0.02070277871789001
0.02070276828036728
0.020702757870046787
0.020702747486830427
0.020702737130620114
0.0207027268013186
0.02070271649882892
0.020702706223054295
0.02070269597389852
0.020702685751265788
0.020702675555060692
0.020702665385188057
0.02070265524155347
0.020702645124062374
0.02070263503262117
0.02070262496713625
0.020702614927514434
0.020702604913663127
0.020702594925489905
0.020702584962902955
0.02070257502581046
0.020702565114121607
0.020702555227745237
0.02070254536659097
0.02070253553056877
0.020702525719589002
0.02070251593356221
0.020702506172399413
0.020702496436012206
0.0207024867243122
0.020702477037211515
0.02070246737462272
0.020702457736458593
0.02070244812263226
0.020702438533057393
0.020702428967648127
0.020702419426318317
0.020702409908982825
0.020702400415556627
0.02070239094595498
0.020702381500093604
0.020702372077888404
0.02070236267925589
0.02070235330411275
0.020702343952376016
0.02070233462396289
0.02070232531879139
0.020702316036779467
0.020702306777845333
0.02070229754190816
0.020702288328886567
0.02070227913870028
0.02070226997126871
0.020702260826512286
0.02070225170435111
0.020702242604705927
0.020702233527497844
0.020702224472648224
0.020702215440078914
0.02070220642971145
0.02070219744146847
0.020702188475272647
0.020702179531046822
0.020702170608714314
0.02070216170819873
0.020702152829424034
0.020702143972314183
0.020702135136793906
0.020702126322787947
0.020702117530221373
0.02070210875901969
0.020702100009108784
0.020702091280414288
0.0207020825728632
0.020702073886381588
0.020702065220896543
0.02070205657633557
0.02070204795262577
0.02070203934969515
0.020702030767472023
0.020702022205884622
0.020702013664861667
0.020702005144332326
0.020701996644225677
0.02070198816447138
0.020701979704999283
0.020701971265739715
0.02070196284662288
0.020701954447579517
0.020701946068540696
0.020701937709437818
0.020701929370202148
0.02070192105076568
0.020701912751060543
0.020701904471019213
0.02070189621057418
0.020701887969658404
0.02070187974820516
0.020701871546148005
0.020701863363420437
0.0207018551999567
0.020701847055691038
0.02070183893055811
0.020701830824492434
0.02070182273742919
0.020701814669303847
0.020701806620052016
0.02070179858960944
0.020701790577912303
0.02070178258489705
0.020701774610500264
0.020701766654658785
0.020701758717309827
0.020701750798390938
0.020701742897839468
0.020701735015593557
0.02070172715159132
0.02070171930577123
0.02070171147807177
0.02070170366843193
0.02070169587679097
0.020701688103088166
0.020701680347263322
0.020701672609256185
0.020701664889006877
0.02070165718645582
0.020701649501543608
0.02070164183421117
0.020701634184399395
0.0207016265520499
0.020701618937103976
0.0207016113395036
0.020701603759190786
0.020701596196107695
0.020701588650196976
0.020701581121401292
0.020701573609663515
0.020701566114926937
0.020701558637134933
0.020701551176231167
0.020701543732159426
0.020701536304864137
0.02070152889428915
0.020701521500379166
0.02070151412307918
0.02070150676233404
0.020701499418088812
0.020701492090289098
0.020701484778880477
0.02070147748380909
0.02070147020502041
0.020701462942461186
0.02070145569607796
0.02070144846581718
0.020701441251625884
0.020701434053451408
0.020701426871240856
0.020701419704942037
0.020701412554502686
0.020701405419870634
0.020701398300994243
0.02070139119782173
0.020701384110302
0.02070137703838362
0.020701369982015754
0.020701362941147425
0.02070135591572837
0.020701348905708086
0.020701341911036276
0.020701334931663148
0.020701327967538916
0.02070132101861379
0.02070131408483872
0.02070130716616433
0.020701300262541692
0.02070129337392192
0.020701286500256436
0.020701279641496984
0.020701272797595312
0.02070126596850333
0.020701259154173233
0.020701252354557415
0.02070124556960846
0.02070123879927899
0.020701232043522068
0.020701225302290772
0.020701218575538433
0.02070121186321833
0.02070120516528433
0.020701198481690376
0.020701191812390364
0.020701185157338497
0.02070117851648912
0.020701171889797032
0.020701165277216906
0.020701158678703632
0.020701152094212198
0.020701145523698266
0.02070113896711698
0.020701132424424125
0.02070112589557528
0.020701119380527135
0.020701112879234977
0.02070110639165579
0.020701099917745696
0.02070109345746171
0.020701087010760403
0.020701080577599024
0.020701074157934565
0.020701067751724707
0.02070106135892672
0.020701054979498458
0.02070104861339752
0.020701042260582173
0.020701035921010715
0.02070102959464128
0.020701023281432508
0.02070101698134307
0.02070101069433186
0.02070100442035773
0.0207009981593801
0.02070099191135811
0.020700985676251307
0.020700979454019358
0.020700973244622112
0.020700967048019662
0.02070096086417184
0.020700954693038974
0.020700948534581674
0.02070094238876051
0.0207009362555362
0.020700930134869542
0.020700924026721853
0.02070091793105393
0.02070091184782738
0.02070090577700376
0.02070089971854472
0.020700893672411853
0.02070088763856746
0.020700881616973192
0.020700875607591807
0.02070086961038544
0.02070086362531656
0.020700857652348068
0.020700851691442673
0.02070084574256335
0.020700839805673336
0.020700833880735802
0.020700827967714063
0.020700822066572012
0.02070081617727299
0.020700810299781002
0.020700804434060156
0.020700798580074228
0.020700792737787785
0.020700786907165078
0.02070078108817073
0.020700775280769346
0.020700769484925705
0.02070076370060488
0.020700757927771797
0.02070075216639166
0.020700746416430153
0.020700740677852356
0.020700734950624123
0.02070072923471094
0.020700723530079113
0.020700717836694308
0.020700712154522922
0.020700706483531013
0.02070070082368502
0.02070069517495177
0.020700689537297468
0.020700683910689206
0.020700678295093974
0.020700672690478615
0.020700667096810507
0.02070066151405679
0.020700655942184752
0.020700650381162408
0.020700644830956908
0.020700639291536514
0.020700633762868927
0.02070062824492216
0.020700622737664584
0.020700617241064374
0.02070061175508992
0.020700606279709613
0.02070060081489248
0.02070059536060707
0.02070058991682231
0.020700584483507235
0.020700579060631018
0.0207005736481629
0.02070056824607199
0.020700562854328274
0.020700557472901053
0.020700552101760025
0.020700546740875105
0.020700541390216345
0.020700536049753686
0.020700530719457322
0.020700525399297502
0.02070052008924493
0.020700514789269528
0.020700509499342438
0.020700504219434413
0.020700498949516144
0.02070049368955856
0.020700488439532802
0.02070048319940998
0.020700477969161604
0.020700472748758973
0.02070046753817346
0.020700462337376928
0.0207004571463409
0.020700451965037402
0.02070044679343816
0.020700441631515562
0.0207004364792414
0.020700431336588193
0.020700426203528122
0.020700421080033806
0.020700415966077735
0.02070041086163259
0.02070040576667119
0.02070040068116643
0.02070039560509126
0.020700390538418895
0.02070038548112245
0.020700380433175167
0.020700375394550368
0.020700370365221685
0.020700365345162793
0.02070036033434724
0.020700355332748777
0.02070035034034139
0.02070034535709906
0.02070034038299602
0.0207003354180061
0.020700330462103934
0.020700325515263556
0.02070032057745972
0.020700315648666857
0.020700310728859823
0.02070030581801322
0.02070030091610181
0.020700296023100837
0.020700291138985007
0.020700286263729644
0.02070028139731001
0.020700276539701308
0.02070027169087903
0.020700266850818518
0.020700262019495732
0.02070025719688589
0.0207002523829652
0.020700247577709243
0.02070024278109422
0.02070023799309605
0.020700233213690696
0.02070022844285453
0.020700223680564102
0.020700218926795442
0.020700214181525244
0.02070020944473004
0.020700204716386412
0.020700199996471238
0.02070019528496133
0.020700190581833686
0.020700185887065126
0.020700181200632856
0.020700176522513915
0.020700171852686047
0.020700167191125978
0.02070016253781139
0.020700157892719933
0.02070015325582884
0.020700148627116208
0.020700144006559694
0.020700139394136924
0.020700134789825977
0.020700130193605115
0.020700125605451862
0.020700121025344798
0.020700116453262037
0.020700111889181978
0.020700107333083
0.020700102784943605
0.020700098244742157
0.0207000937124577
0.020700089188068736
0.020700084671553914
0.02070008016289233
0.02070007566206302
0.020700071169044744
0.020700066683816826
0.020700062206358196
0.020700057736648673
0.02070005327466684
0.02070004882039263
0.020700044373805532
0.02070003993488476
0.020700035503610336
0.02070003107996173
0.020700026663918864
0.02070002225546154
0.02070001785456967
0.020700013461223212
0.020700009075402436
0.020700004697087337
0.02070000032625814
0.020699995962895158
0.02069999160697893
0.020699987258489646
0.020699982917407978
0.020699978583714456
0.020699974257389495
0.020699969938414452
0.02069996562676934
0.02069996132243553
0.02069995702539387
0.02069995273562521
0.020699948453110757
0.020699944177831754
0.020699939909768927
0.020699935648904055
0.02069993139521824
0.02069992714869301
0.020699922909309592
0.020699918677049716
0.020699914451895007
0.02069991023382716
0.02069990602282778
0.02069990181887884
0.02069989762196195
0.020699893432059177
0.020699889249152705
0.020699885073224254
0.020699880904256243
0.020699876742230817
0.020699872587130106
0.020699868438936384
0.020699864297632136
0.020699860163199944
0.02069985603562207
0.02069985191488112
0.020699847800959917
0.020699843693840807
0.020699839593507033
0.020699835499941005
0.020699831413125667
0.02069982733304406
0.02069982325967918
0.020699819193014002
0.02069981513303179
0.020699811079715337
0.020699807033048367
0.02069980299301407
0.020699798959595585
0.020699794932776527
0.020699790912540136
0.020699786898870354
0.02069978289175041
0.020699778891164
0.0206997748970949
0.020699770909526845
0.020699766928443795
0.020699762953829453
0.02069975898566773
0.02069975502394272
0.020699751068638507
0.020699747119739147
0.02069974317722872
0.02069973924109153
0.020699735311311748
0.020699731387873812
0.020699727470762295
0.02069972355996115
0.02069971965545504
0.02069971575722874
0.020699711865266684
0.02069970797955354
0.02069970410007416
0.02069970022681274
0.020699696359754802
0.020699692498884828
0.020699688644187805
0.02069968479564887
0.02069968095325262
0.020699677116984696
0.020699673286829548
0.020699669462772997
0.020699665644800042
0.02069966183289585
0.020699658027045764
0.020699654227235288
0.020699650433449686
0.020699646645674773
0.020699642863895622
0.02069963908809817
0.02069963531826802
0.020699631554390578
0.020699627796451767
0.020699624044437592
0.02069962029833351
0.020699616558125578
0.020699612823799552
0.020699609095341805
0.020699605372737843
0.020699601655974124
0.020699597945036636
0.020699594239911533
0.020699590540585087
0.020699586847043604
0.020699583159273057
0.020699579477260248
0.020699575800991382
0.020699572130452832
0.02069956846563116
0.020699564806512905
0.02069956115308478
0.020699557505333362
0.0206995538632451
0.020699550226806855
0.020699546596005588
0.020699542970827847
0.020699539351260565
0.020699535737290848
0.02069953212890532
0.020699528526091263
0.020699524928835453
0.02069952133712521
0.020699517750947527
0.02069951417028934
0.02069951059513842
0.020699507025481702
0.020699503461306182
0.020699499902599762
0.020699496349349433
0.02069949280154281
0.020699489259167335
0.020699485722210455
0.02069948219065965
0.02069947866450266
0.020699475143727105
0.020699471628320764
0.02069946811827087
0.02069946461356569
0.0206994611141929
0.020699457620140315
0.02069945413139579
0.02069945064794726
0.02069944716978256
0.02069944369689002
0.020699440229257418
0.020699436766872782
0.020699433309724402
0.020699429857800336
0.02069942641108878
0.02069942296957819
0.02069941953325657
0.020699416102112452
0.020699412676133948
0.020699409255309623
0.020699405839627885
0.020699402429077134
0.020699399023646137
0.02069939562332308
0.020699392228096723
0.02069938883795566
0.020699385452888568
0.020699382072884267
0.020699378697931144
0.02069937532801831
0.020699371963134566
0.02069936860326844
0.020699365248409082
0.020699361898545522
0.02069935855366627
0.020699355213760737
0.020699351878817822
0.020699348548826636
0.020699345223776092
0.020699341903655438
0.02069933858845388
0.020699335278160678
0.020699331972764873
0.02069932867225591
0.02069932537662304
0.020699322085855513
0.02069931879994289
0.020699315518874568
0.02069931224263984
0.020699308971228233
0.020699305704629353
0.020699302442832766
0.02069929918582786
0.020699295933604436
0.02069929268615227
0.02069928944346065
0.02069928620551965
0.02069928297231873
0.020699279743848033
0.02069927652009707
0.020699273301055744
0.020699270086713975
0.020699266877061796
0.02069926367208901
0.020699260471785663
0.020699257276141685
0.02069925408514735
0.020699250898792314
0.0206992477170671
0.020699244539961657
0.020699241367466103
0.020699238199570702
0.020699235036265824
0.020699231877541503
0.020699228723387975
0.020699225573796037
0.020699222428755618
0.020699219288257166
0.02069921615229118
0.02069921302084809
0.020699209893918342
0.02069920677149245
0.02069920365356104
0.02069920054011457
0.020699197431143682
0.020699194326639095
0.020699191226591196
0.020699188130990944
0.020699185039828868
0.02069918195309596
0.02069917887078279
0.020699175792880158
0.0206991727193789
0.020699169650270043
0.020699166585544163
0.020699163525192615
0.02069916046920603
0.020699157417575508
0.020699154370291913
0.020699151327346205
0.0206991482887298
0.02069914525443369
0.020699142224448575
0.020699139198765946
0.020699136177377165
0.020699133160273088
0.020699130147445052
0.020699127138884218
0.020699124134581904
0.020699121134529683
0.02069911813871834
0.020699115147139794
0.02069911215978511
0.02069910917664589
0.02069910619771346
0.020699103222979246
0.020699100252434693
0.02069909728607149
0.020699094323881163
0.020699091365855172
0.020699088411985127
0.020699085462262696
0.020699082516679575
0.02069907957522732
0.02069907663789786
0.020699073704682488
0.02069907077557329
0.02069906785056192
0.02069906492964021
0.02069906201280006
0.02069905910003326
0.0206990561913315
0.020699053286687027
0.02069905038609154
0.020699047489537138
0.02069904459701542
0.02069904170851887
0.020699038824039125
0.020699035943568565
0.02069903306709892
0.020699030194622495
0.020699027326131367
0.020699024461617622
0.020699021601073512
0.020699018744491142
0.020699015891862786
0.020699013043180496
0.02069901019843694
0.020699007357623922
0.020699004520734005
0.020699001687759462
0.020698998858692776
0.020698996033526092
0.02069899321225186
0.020698990394862653
0.020698987581350737
0.020698984771708655
0.020698981965928773
0.020698979164003834
0.020698976365926117
0.020698973571688425
0.020698970781283063
0.020698967994702874
0.020698965211940385
0.02069896243298805
0.020698959657838793
0.020698956886485154
0.02069895411891989
0.020698951355135796
0.020698948595125295
0.02069894583888163
0.02069894308639733
0.020698940337665037
0.02069893759267789
0.02069893485142866
0.020698932113910197
0.02069892938011544
0.020698926650037138
0.020698923923668323
0.020698921201002037
0.020698918482031217
0.02069891576674888
0.02069891305514779
0.020698910347221447
0.02069890764296235
0.020698904942364003
0.020698902245419513
0.020698899552121848
0.020698896862463952
0.020698894176439435
0.020698891494041093
0.020698888815262287
0.020698886140096164
0.020698883468536232
0.020698880800575234
0.020698878136206883
0.020698875475424285
0.0206988728182208
0.02069887016458975
0.020698867514524637
0.020698864868018592
0.02069886222506507
0.02069885958565747
0.020698856949789186
0.02069885431745385
0.020698851688644753
0.020698849063355496
0.02069884644157961
0.02069884382331042
0.02069884120854165
0.02069883859726662
0.020698835989479303
0.020698833385172876
0.02069883078434116
0.02069882818697776
0.020698825593076273
0.020698823002630547
0.020698820415634152
0.020698817832080708
0.020698815251963935
0.020698812675277546
0.020698810102015533
0.020698807532171487
0.02069880496573925
0.02069880240271254
0.02069879984308527
0.020698797286851377
0.020698794734004444
0.02069879218453841
0.020698789638447387
0.02069878709572508
0.02069878455636566
0.020698782020362752
0.020698779487710428
0.02069877695840266
0.020698774432433696
0.02069877190979702
0.020698769390487266
0.02069876687449792
0.020698764361823496
0.020698761852457732
0.0206987593463951
0.0206987568436291
0.020698754344154514
0.020698751847965043
0.02069874935505508
0.02069874686541867
0.02069874437905
0.020698741895943427
0.020698739416092786
0.02069873693949295
0.020698734466137663
0.020698731996021246
0.020698729529138087
0.02069872706548257
0.02069872460504878
0.020698722147831316
0.020698719693824332
0.020698717243022226
0.020698714795419255
0.020698712351010125
0.02069870990978899
0.020698707471750233
0.02069870503688862
0.020698702605198148
0.020698700176673596
0.020698697751309322
0.02069869532909998
0.020698692910039822
0.02069869049412353
0.0206986880813456
0.020698685671700648
0.020698683265183246
0.02069868086178779
0.020698678461509145
0.020698676064341708
0.02069867367028004
0.02069867127931925
0.020698668891453574
0.02069866650667772
0.02069866412498639
0.020698661746374344
0.020698659370836373
0.020698656998367135
0.020698654628961106
0.020698652262613446
0.020698649899318636
0.02069864753907165
0.020698645181867096
0.020698642827699905
0.020698640476564993
0.020698638128456858
0.020698635783370764
0.020698633441301323
0.020698631102243306
0.020698628766192058
0.02069862643314193
0.02069862410308811
0.020698621776025404
0.020698619451949063
0.020698617130853747
0.02069861481273448
0.020698612497586227
0.0206986101854041
0.020698607876183075
0.020698605569918038
0.02069860326660402
0.020698600966236193
0.02069859866880979
0.020698596374319395
0.02069859408276052
0.02069859179412808
0.020698589508417162
0.020698587225622928
0.020698584945740475
0.020698582668765127
0.020698580394691805
0.020698578123515592
0.02069857585523225
0.020698573589836435
0.02069857132732341
0.02069856906768855
0.020698566810926897
0.02069856455703397
0.020698562306004867
0.020698560057834728
0.02069855781251921
0.020698555570053147
0.020698553330432176
0.020698551093651343
0.020698548859706286
0.020698546628591927
0.02069854440030411
0.020698542174838044
0.020698539952188795
0.0206985377323522
0.020698535515323274
0.020698533301097572
0.020698531089670565
0.020698528881037653
0.02069852667519415
0.02069852447213579
0.020698522271857877
0.020698520074355787
0.02069851787962512
0.020698515687661404
0.020698513498460032
0.020698511312016787
0.020698509128326943
0.020698506947385877
0.020698504769189618
0.020698502593733417
0.02069850042101306
0.020698498251023753
0.020698496083761637
0.020698493919221825
0.020698491757400374
0.02069848959829252
0.020698487441893926
0.020698485288200497
0.02069848313720786
0.020698480988911486
0.020698478843307232
0.020698476700390874
0.020698474560157824
0.02069847242260394
0.02069847028772514
0.020698468155516816
0.020698466025974922
0.020698463899095132
0.02069846177487313
0.020698459653304996
0.020698457534386344
0.020698455418112886
0.0206984533044806
0.020698451193485175
0.020698449085122344
0.020698446979388115
0.020698444876278522
0.020698442775788976
0.020698440677915556
0.02069843858265418
0.020698436490000596
0.020698434399950946
0.02069843231250096
0.02069843022764651
0.020698428145383682
0.020698426065708365
0.020698423988616235
0.020698421914103662
0.020698419842166436
0.020698417772800373
0.020698415706001644
0.020698413641766236
0.02069841158009017
0.020698409520969307
0.020698407464399864
0.02069840541037768
0.02069840335889875
0.020698401309959365
0.020698399263555545
0.020698397219683286
0.02069839517833854
0.020698393139517726
0.020698391103216404
0.020698389069431156
0.020698387038158
0.020698385009392837
0.020698382983132122
0.020698380959371706
0.020698378938107873
0.02069837691933685
0.02069837490305469
0.020698372889257566
0.020698370877941717
0.0206983688691033
0.020698366862738574
0.020698364858843573
0.020698362857414693
0.020698360858448117
0.020698358861940113
0.02069835686788696
0.020698354876284724
0.020698352887129824
0.020698350900418473
0.020698348916146955
0.02069834693431162
0.020698344954908666
0.020698342977934492
0.020698341003385204
0.020698339031257524
0.02069833706154752
0.020698335094251428
0.020698333129365663
0.02069833116688667
0.020698329206810907
0.020698327249134455
0.020698325293853976
0.02069832334096568
0.020698321390465985
0.020698319442351374
0.020698317496618168
0.020698315553262767
0.02069831361228172
0.020698311673671442
0.020698309737428203
0.020698307803548654
0.020698305872029126
0.020698303942866217
0.020698302016056172
0.02069830009159579
0.020698298169481207
0.020698296249709338
0.0206982943322764
0.020698292417178885
0.020698290504413307
0.020698288593976388
0.020698286685864604
0.02069828478007434
0.02069828287660241
0.020698280975445002
0.02069827907659912
0.020698277180061047
0.020698275285827517
0.02069827339389491
0.02069827150425998
0.02069826961691925
0.020698267731869543
0.02069826584910721
0.020698263968628897
0.02069826209043149
0.020698260214511474
0.02069825834086534
0.02069825646949012
0.02069825460038205
0.020698252733538033
0.020698250868954774
0.020698249006628696
0.020698247146556915
0.020698245288735845
0.020698243433162282
0.020698241579832875
0.020698239728744378
0.02069823787989339
0.020698236033276935
0.02069823418889149
0.020698232346734034
0.020698230506801026
0.020698228669089488
0.02069822683359603
0.020698225000317396
0.020698223169250598
0.020698221340392273
0.020698219513739034
0.020698217689288187
0.020698215867036015
0.020698214046979503
0.0206982122291156
0.02069821041344101
0.020698208599952708
0.020698206788647443
0.020698204979521937
0.020698203172573232
0.02069820136779802
0.020698199565193493
0.020698197764756118
0.020698195966483073
0.02069819417037103
0.020698192376417186
0.02069819058461808
0.020698188794970773
0.02069818700747235
0.020698185222119407
0.020698183438909223
0.020698181657838502
0.020698179878904044
0.020698178102103185
0.02069817632743257
0.0206981745548893
0.020698172784470267
0.02069817101617257
0.020698169249992952
0.0206981674859288
0.020698165723976546
0.0206981639641337
0.020698162206396867
0.02069816045076331
0.020698158697230035
0.0206981569457939
0.02069815519645213
0.02069815344920145
0.020698151704039245
0.02069814996096248
0.020698148219967953
0.020698146481053094
0.020698144744214633
0.020698143009449946
0.020698141276755757
0.020698139546129424
0.02069813781756783
0.020698136091068402
0.020698134366627954
0.02069813264424361
0.0206981309239125
0.020698129205631775
0.02069812748939855
0.020698125775209953
0.020698124063063254
0.02069812235295509
0.020698120644883203
0.02069811893884449
0.020698117234836146
0.020698115532855135
0.020698113832899007
0.020698112134964548
0.020698110439049195
0.020698108745150035
0.020698107053264053
0.02069810536338893
0.020698103675521533
0.020698101989659125
0.02069810030579892
0.020698098623938052
0.020698096944073915
0.02069809526620354
0.020698093590324325
0.02069809191643349
0.0206980902445282
0.020698088574605745
0.020698086906663343
0.020698085240698313
0.02069808357670787
0.020698081914689356
0.020698080254640018
0.020698078596557076
0.02069807694043795
0.020698075286279673
0.02069807363407985
0.02069807198383552
0.02069807033554424
0.020698068689203118
0.020698067044809598
0.02069806540236089
0.020698063761854565
0.020698062123287533
0.02069806048665759
0.020698058851961628
0.02069805721919746
0.020698055588362088
0.020698053959453084
0.020698052332467753
0.020698050707403333
0.020698049084257295
0.02069804746302706
0.02069804584371006
0.020698044226303506
0.020698042610804927
0.02069804099721165
0.020698039385521057
0.020698037775730666
0.02069803616783807
0.02069803456184006
0.020698032957734678
0.020698031355519127
0.020698029755190743
0.020698028156747057
0.020698026560185587
0.020698024965503853
0.020698023372698857
0.020698021781768623
0.02069802019271022
0.020698018605521173
0.02069801702019912
0.020698015436741456
0.020698013855145712
0.020698012275409242
0.020698010697529596
0.02069800912150424
0.020698007547330824
0.020698005975006598
0.020698004404529294
0.020698002835896397
0.020698001269105353
0.020697999704153727
0.02069799814103898
0.020697996579758533
0.020697995020310188
0.020697993462691435
0.020697991906899735
0.02069799035293258
0.02069798880078773
0.02069798725046259
0.020697985701954753
0.0206979841552617
0.020697982610381145
0.020697981067310633
0.020697979526047756
0.02069797798659006
0.02069797644893505
0.02069797491308051
0.020697973379023807
0.020697971846762857
0.020697970316294962
0.02069796878761788
0.020697967260729228
0.02069796573562661
0.0206979642123077
0.020697962690769917
0.020697961171011182
0.020697959653028834
0.020697958136820804
0.02069795662238461
0.020697955109717947
0.020697953598818413
0.020697952089683655
0.020697950582311265
0.020697949076699192
0.020697947572844794
0.020697946070745942
0.020697944570400164
0.02069794307180545
0.020697941574959036
0.020697940079858937
0.020697938586502734
0.0206979370948881
0.020697935605012898
0.020697934116874577
0.020697932630471243
0.020697931145800205
0.020697929662859424
0.020697928181646508
0.020697926702159128
0.02069792522439518
0.02069792374835239
0.02069792227402846
0.02069792080142105
0.020697919330528013
0.020697917861347084
0.020697916393875974
0.02069791492811233
0.020697913464054196
0.020697912001699167
0.02069791054104519
0.020697909082089738
0.020697907624830765
0.02069790616926607
0.0206979047153935
0.02069790326321066
0.020697901812715344
0.020697900363905637
0.020697898916779135
0.020697897471333538
0.02069789602756676
0.02069789458547673
0.020697893145061246
0.020697891706317917
0.020697890269244627
0.020697888833839617
0.020697887400100163
0.02069788596802437
0.020697884537609942
0.020697883108854936
0.020697881681757097
0.020697880256314128
0.020697878832524056
0.020697877410384848
0.020697875989894136
0.020697874571049827
0.02069787315384983
0.020697871738291948
0.020697870324374274
0.02069786891209453
0.020697867501450595
0.0206978660924403
0.02069786468506177
0.020697863279312466
0.02069786187519089
0.02069786047269461
0.0206978590718213
0.02069785767256912
0.020697856274936227
0.02069785487892002
0.020697853484518802
0.02069785209173024
0.020697850700552523
0.02069784931098349
0.02069784792302118
0.02069784653666296
0.02069784515190749
0.020697843768752302
