0.029606176755824706
0.028823406212184422
0.028292408591843766
0.027911043290395423
0.027632036545081444
0.02742481993435806
0.027268781432551802
0.027149782730467493
0.027057987525112952
0.02698645442360542
0.02693021302664205
0.026885651733584686
0.026850108350243915
0.026821593495124044
0.02679860156872945
0.026779979922013253
0.02676483706586956
0.026752477347307475
0.026742353780630924
0.02673403349391161
0.026727172063057903
0.026721494197682175
0.02671677903279514
0.02671284880825001
0.026709560074209198
0.02670679680416614
0.026704464965185092
0.026702488212778763
0.02670080446151303
0.026699363142716804
0.026698123004768284
0.026697050344108412
0.026696117579692463
0.02669530210225845
0.026694585344134873
0.026693952026451317
0.02669338954931417
0.026692887497374272
0.026692437238642057
0.02669203159873577
0.026691664596195055
0.026691331227267003
0.026691027290799096
0.026690749245655343
0.026690494094524918
0.02669025928915876
0.026690042653004308
0.026689842317982125
0.02668965667275409
0.0266894843203418
0.02668932404335382
0.026689174775406842
0.02668903557759709
0.026688905619089206
0.026688784161065765
0.026688670543423228
0.026688564173714468
0.026688464517931915
0.026688371092797314
0.02668828345929439
0.026688201217218297
0.02668812400056883
0.026688051473636027
0.026687983327662805
0.026687919277984577
0.026687859061566864
0.026687802434875417
0.026687749172023822
0.026687699063156448
0.026687651913027632
0.026687607539749074
0.026687565773679815
0.02668752645643779
0.026687489440014516
0.026687454585982682
0.0266874217647793
0.026687390855058564
0.026687361743103356
0.026687334322288758
0.026687308492593088
0.02668728416014795
0.02668726123682662
0.02668723963986453
0.026687219291507653
0.026687200118689913
0.026687182052731993
0.026687165029063223
0.026687148986963897
0.026687133869323476
0.026687119622417304
0.026687106195697457
0.02668709354159878
0.02668708161535541
0.026687070374832374
0.02668705978036526
0.02668704979461237
0.026687040382414345
0.026687031510664646
0.02668702314818651
0.026687015265618386
0.02668700783530586
0.026687000831201804
0.0266869942287696
0.026686988004896564
0.026686982137807444
0.026686976606988686
0.02668697139311244
0.02668696647796795
0.02668696184439652
0.02668695747622964
0.026686953358231676
0.026686949476045066
0.02668694581614016
0.026686942365766145
0.026686939112906226
0.026686936046235343
0.02668693315507988
0.026686930429379686
0.026686927859653382
0.026686925436963792
0.02668692315288736
0.026686920999484217
0.026686918969270487
0.026686917055191786
0.026686915250598027
0.0266869135492215
0.02668691194515299
0.026686910432822928
0.026686909006980515
0.0266869076626762
0.02668690639524393
0.02668690520028511
0.026686904073653275
0.026686903011438976
0.0266869020099573
0.026686901065733973
0.02668690017549386
0.02668689933614911
0.026686898544788968
0.026686897798669052
0.026686897095202083
0.026686896431948687
0.02668689580660966
0.02668689521701663
0.026686894661125924
0.026686894137010413
0.026686893642853364
0.026686893176941787
0.02668689273766082
0.026686892323488337
0.0266868919329884
0.02668689156480782
0.026686891217670896
0.02668689089037467
0.02668689058178482
0.02668689029083179
0.026686890016507963
0.026686889757862316
0.02668688951399882
0.02668688928407287
0.02668688906728733
0.02668688886289117
0.026686888670176514
0.026686888488475623
0.02668688831715895
0.026686888155633026
0.026686888003338294
0.026686887859746794
0.0266868877243617
0.02668688759671356
0.026686887476360326
0.026686887362885114
0.026686887255894756
0.026686887155018768
0.026686887059907557
0.026686886970231687
0.026686886885680716
0.02668688680596149
0.026686886730797898
0.026686886659929982
0.02668688659311159
0.026686886530111725
0.026686886470712302
0.026686886414707244
0.02668688636190272
0.026686886312115608
0.02668688626517401
0.02668688622091469
0.026686886179184494
0.026686886139839144
0.026686886102742398
0.02668688606776529
0.026686886034787062
0.026686886003693486
0.02668688597437673
0.02668688594673514
0.026686885920673486
0.026686885896100916
0.026686885872932775
0.02668688585108827
0.026686885830492342
0.026686885811073178
0.02668688579276369
0.02668688577550072
0.026686885759224187
0.026686885743877797
0.02668688572940828
0.026686885715765718
0.026686885702902657
0.026686885690774837
0.02668688567933999
0.026686885668558587
0.02668688565839317
0.026686885648808768
0.026686885639772034
0.026686885631251656
0.026686885623218304
0.026686885615643946
0.02668688560850253
0.026686885601768972
0.026686885595420408
0.026686885589434696
0.02668688558379091
0.026686885578469682
0.02668688557345245
0.026686885568722056
0.02668688556426181
0.026686885560056463
0.02668688555609164
0.02668688555235318
0.026686885548828556
0.026686885545505027
0.026686885542371776
0.026686885539417247
0.026686885536631663
0.02668688553400557
0.026686885531529224
0.02668688552919437
0.026686885526993036
0.02668688552491772
0.02668688552296074
0.02668688552111558
0.026686885519375883
0.02668688551773564
0.026686885516189012
0.026686885514730925
0.02668688551335611
0.026686885512059718
0.02668688551083751
0.026686885509685353
0.026686885508598768
0.026686885507574372
0.02668688550660843
0.02668688550569773
0.026686885504839053
0.02668688550402963
0.026686885503266377
0.026686885502546734
0.026686885501868072
0.026686885501228264
0.026686885500625097
0.026686885500056406
0.026686885499520092
0.026686885499014476
0.02668688549853773
0.026686885498088318
0.026686885497664552
0.026686885497264966
0.02668688549688826
0.02668688549653311
0.02668688549619817
0.02668688549588224
0.026686885495584556
0.02668688549530384
0.026686885495039166
0.026686885494789602
0.026686885494554346
0.026686885494332496
0.026686885494123274
0.02668688549392631
0.02668688549374025
0.026686885493564835
0.02668688549339958
0.02668688549324352
0.02668688549309673
0.026686885492958206
0.026686885492827477
0.02668688549270446
0.026686885492588394
0.02668688549247885
0.026686885492375526
0.026686885492278253
0.02668688549218648
0.02668688549209992
0.026686885492018385
0.026686885491941377
0.026686885491868886
0.026686885491800535
0.026686885491736066
0.026686885491675295
0.026686885491617837
0.026686885491563943
0.026686885491513036
0.026686885491464914
0.026686885491419537
0.02668688549137693
0.02668688549133676
0.02668688549129878
0.026686885491262885
0.02668688549122916
0.026686885491197285
0.026686885491167277
0.026686885491139026
0.026686885491112377
0.02668688549108715
0.026686885491063437
0.02668688549104122
0.026686885491020124
0.02668688549100023
0.02668688549098153
0.026686885490963812
0.026686885490947075
0.026686885490931483
0.026686885490916558
0.026686885490902736
0.02668688549088954
0.02668688549087709
0.02668688549086536
0.026686885490854254
0.026686885490843804
0.026686885490834034
0.026686885490824912
0.0266868854908161
0.026686885490808027
0.02668688549080015
0.026686885490792712
0.026686885490785947
0.02668688549077943
0.026686885490773374
0.026686885490767604
0.02668688549076214
0.02668688549075705
0.026686885490752134
0.026686885490747634
0.026686885490743373
0.026686885490739234
0.026686885490735376
0.02668688549073177
0.02668688549072839
0.026686885490725114
0.026686885490721957
0.02668688549071925
0.02668688549071662
0.026686885490714032
0.026686885490711788
0.02668688549070937
0.026686885490707284
0.026686885490705383
0.02668688549070347
0.026686885490701705
0.026686885490699978
0.026686885490698385
0.026686885490696897
0.02668688549069539
0.026686885490694146
0.026686885490692855
0.026686885490691786
0.026686885490690627
0.026686885490689562
0.026686885490688653
0.026686885490687557
0.026686885490686783
0.026686885490686024
0.026686885490685194
0.02668688549068448
0.026686885490683713
0.026686885490683075
0.026686885490682558
0.026686885490681902
0.026686885490681305
0.026686885490680684
0.026686885490680167
0.026686885490679726
0.026686885490679338
0.026686885490678908
0.026686885490678575
0.02668688549067811
0.026686885490677832
0.02668688549067753
0.026686885490677364
0.026686885490677024
0.02668688549067675
0.026686885490676528
0.02668688549067631
0.026686885490676014
0.026686885490675764
0.026686885490675535
0.026686885490675376
0.026686885490675175
0.026686885490674984
0.026686885490674734
0.026686885490674654
0.026686885490674554
0.026686885490674443
0.026686885490674397
0.026686885490674245
0.026686885490674193
0.02668688549067401
0.026686885490673853
0.026686885490673825
0.026686885490673797
0.02668688549067372
0.026686885490673634
0.02668688549067358
0.026686885490673436
0.0266868854906734
0.0266868854906733
0.026686885490673197
0.026686885490673138
0.026686885490673124
0.0266868854906731
0.0266868854906731
0.02668688549067305
0.02668688549067306
0.02668688549067294
0.026686885490672916
0.026686885490672895
0.02668688549067285
0.02668688549067287
0.026686885490672885
0.02668688549067287
0.026686885490672833
0.026686885490672742
0.026686885490672742
0.02668688549067276
0.02668688549067274
0.026686885490672694
0.026686885490672684
0.026686885490672694
0.026686885490672687
0.026686885490672687
0.026686885490672677
0.026686885490672628
0.02668688549067264
0.02668688549067262
0.026686885490672628
0.026686885490672628
0.02668688549067264
0.026686885490672628
0.026686885490672586
0.026686885490672583
0.026686885490672555
0.026686885490672538
0.026686885490672545
0.02668688549067251
